{
  "advancedEditorSelectedIdentifier" : "ProjectBrowser",
  "openSceneRelativePaths" : [
    "Scene.usda"
  ],
  "recentIdentifiers" : {

  },
  "sceneCameraHistory" : {
    "B65D3E4E-9931-4B41-A73A-F3EED17A0CF4" : [
      {
        "date" : 753175718.518472,
        "title" : "Untitled",
        "transform" : [
          0.9999998,
          2.5346034e-10,
          0.00057679374,
          0,
          0.00057521753,
          0.0738774,
          -0.9972672,
          0,
          -4.2612177e-05,
          0.9972673,
          0.07387746,
          0,
          20.426548,
          35.886803,
          4.7683864,
          1
        ]
      },
      {
        "date" : 753175694.222778,
        "title" : "Untitled",
        "transform" : [
          0.9999998,
          2.5346034e-10,
          0.00057679374,
          0,
          0.00057521753,
          0.0738774,
          -0.9972672,
          0,
          -4.2612177e-05,
          0.9972673,
          0.07387746,
          0,
          22.206947,
          35.66741,
          7.730922,
          1
        ]
      },
      {
        "date" : 753175689.235804,
        "title" : "Untitled",
        "transform" : [
          0.9999998,
          2.5346034e-10,
          0.00057679374,
          0,
          0.00057521753,
          0.0738774,
          -0.9972672,
          0,
          -4.2612177e-05,
          0.9972673,
          0.07387746,
          0,
          12.313688,
          36.35504,
          -1.557076,
          1
        ]
      },
      {
        "date" : 753175687.6024,
        "title" : "Untitled",
        "transform" : [
          0.9999998,
          2.5346034e-10,
          0.00057679374,
          0,
          0.00057521753,
          0.0738774,
          -0.9972672,
          0,
          -4.2612177e-05,
          0.9972673,
          0.07387746,
          0,
          12.313688,
          36.35504,
          -1.557076,
          1
        ]
      },
      {
        "date" : 753175685.335918,
        "title" : "Untitled",
        "transform" : [
          0.9999998,
          2.5346034e-10,
          0.00057679374,
          0,
          0.00057521753,
          0.0738774,
          -0.9972672,
          0,
          -4.2612177e-05,
          0.9972673,
          0.07387746,
          0,
          -5.7032776,
          36.355038,
          -1.5674672,
          1
        ]
      },
      {
        "date" : 753175681.540902,
        "title" : "Untitled",
        "transform" : [
          0.9999998,
          2.5346034e-10,
          0.00057679374,
          0,
          0.00057521753,
          0.0738774,
          -0.9972672,
          0,
          -4.2612177e-05,
          0.9972673,
          0.07387746,
          0,
          -32.630573,
          36.23795,
          -0.002468586,
          1
        ]
      },
      {
        "date" : 753175674.369039,
        "title" : "Untitled",
        "transform" : [
          0.9999998,
          2.5346034e-10,
          0.00057679374,
          0,
          0.00057521753,
          0.0738774,
          -0.9972672,
          0,
          -4.2612177e-05,
          0.9972673,
          0.07387746,
          0,
          19.14106,
          36.01134,
          3.0864825,
          1
        ]
      },
      {
        "date" : 753175650.700914,
        "title" : "Untitled",
        "transform" : [
          0.99999017,
          2.5346036e-10,
          0.0044525117,
          0,
          0.0044403444,
          0.0738774,
          -0.9972575,
          0,
          -0.0003289404,
          0.9972673,
          0.07387674,
          0,
          3.3865025,
          37.7608,
          -0.26915097,
          1
        ]
      },
      {
        "date" : 753175646.093818,
        "title" : "Untitled",
        "transform" : [
          0.99999017,
          2.5346036e-10,
          0.0044525117,
          0,
          0.0044403444,
          0.0738774,
          -0.9972575,
          0,
          -0.0003289404,
          0.9972673,
          0.07387674,
          0,
          2.9724095,
          37.73031,
          0.1405666,
          1
        ]
      },
      {
        "date" : 753175629.167433,
        "title" : "Untitled",
        "transform" : [
          0.99999017,
          2.5346036e-10,
          0.0044525117,
          0,
          0.004440345,
          0.07387741,
          -0.9972576,
          0,
          -0.00032894043,
          0.9972674,
          0.073876746,
          0,
          0.97121996,
          18.160942,
          -2.6548896,
          1
        ]
      }
    ]
  },
  "sceneViewportBackgroundColors" : {

  }
}